
---------------------------- (2) include source candidates
candidate set: [(0, 1), (0, 2), (1, 1), (1, 2), (2, 1), (2, 2), (3, 1), (3, 2), (4, 1), (4, 2), (5, 1), (5, 2), (6, 1), (6, 2), (7, 1), (7, 2), (8, 1), (8, 2), (9, 1), (9, 2), (10, 1), (10, 2), (11, 1), (11, 2), (12, 1), (12, 2), (13, 1), (13, 2), (14, 1), (14, 2), (15, 1), (15, 2), (16, 1), (16, 2), (17, 1), (17, 2), (18, 1), (18, 2), (19, 1), (19, 2), (20, 1), (20, 2), (21, 1), (21, 2), (22, 1), (22, 2), (23, 1), (23, 2), (24, 1), (24, 2), (25, 1), (25, 2), (26, 1), (26, 2), (27, 1), (27, 2), (28, 1), (28, 2), (29, 1), (29, 2), (30, 1), (30, 2), (31, 1), (31, 2), (32, 1), (32, 2), (33, 1), (33, 2), (34, 1), (34, 2), (35, 1), (35, 2), (36, 1), (36, 2), (37, 1), (37, 2), (38, 1), (38, 2), (40, 1), (40, 2), (41, 1), (41, 2), (42, 1), (42, 2), (43, 1), (43, 2), (44, 1), (44, 2), (45, 1), (45, 2), (46, 1), (46, 2), (47, 1), (47, 2), (48, 1), (48, 2), (49, 1), (49, 2), (50, 1), (50, 2), (51, 1), (51, 2), (52, 1), (52, 2), (53, 1), (53, 2), (54, 1), (54, 2), (55, 1), (55, 2), (56, 1), (56, 2), (57, 1), (57, 2), (58, 1), (58, 2), (59, 1), (59, 2), (60, 1), (60, 2), (61, 1), (61, 2), (62, 1), (62, 2), (63, 1), (63, 2)]
testing candidate: (0, 1) maximum statistic, n_perm: 50
 -- not significant

---------------------------- (3) prune source candidate
no sources selected, nothing to prune ...

---------------------------- (4) final statistics
no sources selected ...
final source samples: []
final target samples: [(39, 1)]



####### analysing target with index 40 from list [0, 1, 2, 3, 4, 5, 6, 7, 8, 9, 10, 11, 12, 13, 14, 15, 16, 17, 18, 19, 20, 21, 22, 23, 24, 25, 26, 27, 28, 29, 30, 31, 32, 33, 34, 35, 36, 37, 38, 39, 40, 41, 42, 43, 44, 45, 46, 47, 48, 49, 50, 51, 52, 53, 54, 55, 56, 57, 58, 59, 60, 61, 62, 63]

Target: 40 - testing sources [0, 1, 2, 3, 4, 5, 6, 7, 8, 9, 10, 11, 12, 13, 14, 15, 16, 17, 18, 19, 20, 21, 22, 23, 24, 25, 26, 27, 28, 29, 30, 31, 32, 33, 34, 35, 36, 37, 38, 39, 41, 42, 43, 44, 45, 46, 47, 48, 49, 50, 51, 52, 53, 54, 55, 56, 57, 58, 59, 60, 61, 62, 63]

---------------------------- (1) include target candidates
candidate set: [(40, 1), (40, 2)]
testing candidate: (40, 1) maximum statistic, n_perm: 50
 -- not significant

No informative sources in the target's past - adding target sample with lag 1.

---------------------------- (2) include source candidates
candidate set: [(0, 1), (0, 2), (1, 1), (1, 2), (2, 1), (2, 2), (3, 1), (3, 2), (4, 1), (4, 2), (5, 1), (5, 2), (6, 1), (6, 2), (7, 1), (7, 2), (8, 1), (8, 2), (9, 1), (9, 2), (10, 1), (10, 2), (11, 1), (11, 2), (12, 1), (12, 2), (13, 1), (13, 2), (14, 1), (14, 2), (15, 1), (15, 2), (16, 1), (16, 2), (17, 1), (17, 2), (18, 1), (18, 2), (19, 1), (19, 2), (20, 1), (20, 2), (21, 1), (21, 2), (22, 1), (22, 2), (23, 1), (23, 2), (24, 1), (24, 2), (25, 1), (25, 2), (26, 1), (26, 2), (27, 1), (27, 2), (28, 1), (28, 2), (29, 1), (29, 2), (30, 1), (30, 2), (31, 1), (31, 2), (32, 1), (32, 2), (33, 1), (33, 2), (34, 1), (34, 2), (35, 1), (35, 2), (36, 1), (36, 2), (37, 1), (37, 2), (38, 1), (38, 2), (39, 1), (39, 2), (41, 1), (41, 2), (42, 1), (42, 2), (43, 1), (43, 2), (44, 1), (44, 2), (45, 1), (45, 2), (46, 1), (46, 2), (47, 1), (47, 2), (48, 1), (48, 2), (49, 1), (49, 2), (50, 1), (50, 2), (51, 1), (51, 2), (52, 1), (52, 2), (53, 1), (53, 2), (54, 1), (54, 2), (55, 1), (55, 2), (56, 1), (56, 2), (57, 1), (57, 2), (58, 1), (58, 2), (59, 1), (59, 2), (60, 1), (60, 2), (61, 1), (61, 2), (62, 1), (62, 2), (63, 1), (63, 2)]
testing candidate: (0, 1) maximum statistic, n_perm: 50
 -- not significant

---------------------------- (3) prune source candidate
no sources selected, nothing to prune ...

---------------------------- (4) final statistics
no sources selected ...
final source samples: []
final target samples: [(40, 1)]



####### analysing target with index 41 from list [0, 1, 2, 3, 4, 5, 6, 7, 8, 9, 10, 11, 12, 13, 14, 15, 16, 17, 18, 19, 20, 21, 22, 23, 24, 25, 26, 27, 28, 29, 30, 31, 32, 33, 34, 35, 36, 37, 38, 39, 40, 41, 42, 43, 44, 45, 46, 47, 48, 49, 50, 51, 52, 53, 54, 55, 56, 57, 58, 59, 60, 61, 62, 63]

Target: 41 - testing sources [0, 1, 2, 3, 4, 5, 6, 7, 8, 9, 10, 11, 12, 13, 14, 15, 16, 17, 18, 19, 20, 21, 22, 23, 24, 25, 26, 27, 28, 29, 30, 31, 32, 33, 34, 35, 36, 37, 38, 39, 40, 42, 43, 44, 45, 46, 47, 48, 49, 50, 51, 52, 53, 54, 55, 56, 57, 58, 59, 60, 61, 62, 63]

---------------------------- (1) include target candidates
candidate set: [(41, 1), (41, 2)]
testing candidate: (41, 1) maximum statistic, n_perm: 50
 -- not significant

No informative sources in the target's past - adding target sample with lag 1.

---------------------------- (2) include source candidates
candidate set: [(0, 1), (0, 2), (1, 1), (1, 2), (2, 1), (2, 2), (3, 1), (3, 2), (4, 1), (4, 2), (5, 1), (5, 2), (6, 1), (6, 2), (7, 1), (7, 2), (8, 1), (8, 2), (9, 1), (9, 2), (10, 1), (10, 2), (11, 1), (11, 2), (12, 1), (12, 2), (13, 1), (13, 2), (14, 1), (14, 2), (15, 1), (15, 2), (16, 1), (16, 2), (17, 1), (17, 2), (18, 1), (18, 2), (19, 1), (19, 2), (20, 1), (20, 2), (21, 1), (21, 2), (22, 1), (22, 2), (23, 1), (23, 2), (24, 1), (24, 2), (25, 1), (25, 2), (26, 1), (26, 2), (27, 1), (27, 2), (28, 1), (28, 2), (29, 1), (29, 2), (30, 1), (30, 2), (31, 1), (31, 2), (32, 1), (32, 2), (33, 1), (33, 2), (34, 1), (34, 2), (35, 1), (35, 2), (36, 1), (36, 2), (37, 1), (37, 2), (38, 1), (38, 2), (39, 1), (39, 2), (40, 1), (40, 2), (42, 1), (42, 2), (43, 1), (43, 2), (44, 1), (44, 2), (45, 1), (45, 2), (46, 1), (46, 2), (47, 1), (47, 2), (48, 1), (48, 2), (49, 1), (49, 2), (50, 1), (50, 2), (51, 1), (51, 2), (52, 1), (52, 2), (53, 1), (53, 2), (54, 1), (54, 2), (55, 1), (55, 2), (56, 1), (56, 2), (57, 1), (57, 2), (58, 1), (58, 2), (59, 1), (59, 2), (60, 1), (60, 2), (61, 1), (61, 2), (62, 1), (62, 2), (63, 1), (63, 2)]
testing candidate: (0, 1) maximum statistic, n_perm: 50
 -- not significant

---------------------------- (3) prune source candidate
no sources selected, nothing to prune ...

---------------------------- (4) final statistics
no sources selected ...
final source samples: []
final target samples: [(41, 1)]



####### analysing target with index 42 from list [0, 1, 2, 3, 4, 5, 6, 7, 8, 9, 10, 11, 12, 13, 14, 15, 16, 17, 18, 19, 20, 21, 22, 23, 24, 25, 26, 27, 28, 29, 30, 31, 32, 33, 34, 35, 36, 37, 38, 39, 40, 41, 42, 43, 44, 45, 46, 47, 48, 49, 50, 51, 52, 53, 54, 55, 56, 57, 58, 59, 60, 61, 62, 63]

Target: 42 - testing sources [0, 1, 2, 3, 4, 5, 6, 7, 8, 9, 10, 11, 12, 13, 14, 15, 16, 17, 18, 19, 20, 21, 22, 23, 24, 25, 26, 27, 28, 29, 30, 31, 32, 33, 34, 35, 36, 37, 38, 39, 40, 41, 43, 44, 45, 46, 47, 48, 49, 50, 51, 52, 53, 54, 55, 56, 57, 58, 59, 60, 61, 62, 63]

---------------------------- (1) include target candidates
candidate set: [(42, 1), (42, 2)]
testing candidate: (42, 1) maximum statistic, n_perm: 50
 -- not significant

No informative sources in the target's past - adding target sample with lag 1.

---------------------------- (2) include source candidates
candidate set: [(0, 1), (0, 2), (1, 1), (1, 2), (2, 1), (2, 2), (3, 1), (3, 2), (4, 1), (4, 2), (5, 1), (5, 2), (6, 1), (6, 2), (7, 1), (7, 2), (8, 1), (8, 2), (9, 1), (9, 2), (10, 1), (10, 2), (11, 1), (11, 2), (12, 1), (12, 2), (13, 1), (13, 2), (14, 1), (14, 2), (15, 1), (15, 2), (16, 1), (16, 2), (17, 1), (17, 2), (18, 1), (18, 2), (19, 1), (19, 2), (20, 1), (20, 2), (21, 1), (21, 2), (22, 1), (22, 2), (23, 1), (23, 2), (24, 1), (24, 2), (25, 1), (25, 2), (26, 1), (26, 2), (27, 1), (27, 2), (28, 1), (28, 2), (29, 1), (29, 2), (30, 1), (30, 2), (31, 1), (31, 2), (32, 1), (32, 2), (33, 1), (33, 2), (34, 1), (34, 2), (35, 1), (35, 2), (36, 1), (36, 2), (37, 1), (37, 2), (38, 1), (38, 2), (39, 1), (39, 2), (40, 1), (40, 2), (41, 1), (41, 2), (43, 1), (43, 2), (44, 1), (44, 2), (45, 1), (45, 2), (46, 1), (46, 2), (47, 1), (47, 2), (48, 1), (48, 2), (49, 1), (49, 2), (50, 1), (50, 2), (51, 1), (51, 2), (52, 1), (52, 2), (53, 1), (53, 2), (54, 1), (54, 2), (55, 1), (55, 2), (56, 1), (56, 2), (57, 1), (57, 2), (58, 1), (58, 2), (59, 1), (59, 2), (60, 1), (60, 2), (61, 1), (61, 2), (62, 1), (62, 2), (63, 1), (63, 2)]
testing candidate: (0, 1) maximum statistic, n_perm: 50
 -- not significant

---------------------------- (3) prune source candidate
no sources selected, nothing to prune ...

---------------------------- (4) final statistics
no sources selected ...
final source samples: []
final target samples: [(42, 1)]



####### analysing target with index 43 from list [0, 1, 2, 3, 4, 5, 6, 7, 8, 9, 10, 11, 12, 13, 14, 15, 16, 17, 18, 19, 20, 21, 22, 23, 24, 25, 26, 27, 28, 29, 30, 31, 32, 33, 34, 35, 36, 37, 38, 39, 40, 41, 42, 43, 44, 45, 46, 47, 48, 49, 50, 51, 52, 53, 54, 55, 56, 57, 58, 59, 60, 61, 62, 63]

Target: 43 - testing sources [0, 1, 2, 3, 4, 5, 6, 7, 8, 9, 10, 11, 12, 13, 14, 15, 16, 17, 18, 19, 20, 21, 22, 23, 24, 25, 26, 27, 28, 29, 30, 31, 32, 33, 34, 35, 36, 37, 38, 39, 40, 41, 42, 44, 45, 46, 47, 48, 49, 50, 51, 52, 53, 54, 55, 56, 57, 58, 59, 60, 61, 62, 63]

---------------------------- (1) include target candidates
candidate set: [(43, 1), (43, 2)]
testing candidate: (43, 1) maximum statistic, n_perm: 50
 -- not significant

No informative sources in the target's past - adding target sample with lag 1.

---------------------------- (2) include source candidates
candidate set: [(0, 1), (0, 2), (1, 1), (1, 2), (2, 1), (2, 2), (3, 1), (3, 2), (4, 1), (4, 2), (5, 1), (5, 2), (6, 1), (6, 2), (7, 1), (7, 2), (8, 1), (8, 2), (9, 1), (9, 2), (10, 1), (10, 2), (11, 1), (11, 2), (12, 1), (12, 2), (13, 1), (13, 2), (14, 1), (14, 2), (15, 1), (15, 2), (16, 1), (16, 2), (17, 1), (17, 2), (18, 1), (18, 2), (19, 1), (19, 2), (20, 1), (20, 2), (21, 1), (21, 2), (22, 1), (22, 2), (23, 1), (23, 2), (24, 1), (24, 2), (25, 1), (25, 2), (26, 1), (26, 2), (27, 1), (27, 2), (28, 1), (28, 2), (29, 1), (29, 2), (30, 1), (30, 2), (31, 1), (31, 2), (32, 1), (32, 2), (33, 1), (33, 2), (34, 1), (34, 2), (35, 1), (35, 2), (36, 1), (36, 2), (37, 1), (37, 2), (38, 1), (38, 2), (39, 1), (39, 2), (40, 1), (40, 2), (41, 1), (41, 2), (42, 1), (42, 2), (44, 1), (44, 2), (45, 1), (45, 2), (46, 1), (46, 2), (47, 1), (47, 2), (48, 1), (48, 2), (49, 1), (49, 2), (50, 1), (50, 2), (51, 1), (51, 2), (52, 1), (52, 2), (53, 1), (53, 2), (54, 1), (54, 2), (55, 1), (55, 2), (56, 1), (56, 2), (57, 1), (57, 2), (58, 1), (58, 2), (59, 1), (59, 2), (60, 1), (60, 2), (61, 1), (61, 2), (62, 1), (62, 2), (63, 1), (63, 2)]
testing candidate: (0, 1) maximum statistic, n_perm: 50
 -- not significant

---------------------------- (3) prune source candidate
no sources selected, nothing to prune ...

---------------------------- (4) final statistics
no sources selected ...
final source samples: []
final target samples: [(43, 1)]



####### analysing target with index 44 from list [0, 1, 2, 3, 4, 5, 6, 7, 8, 9, 10, 11, 12, 13, 14, 15, 16, 17, 18, 19, 20, 21, 22, 23, 24, 25, 26, 27, 28, 29, 30, 31, 32, 33, 34, 35, 36, 37, 38, 39, 40, 41, 42, 43, 44, 45, 46, 47, 48, 49, 50, 51, 52, 53, 54, 55, 56, 57, 58, 59, 60, 61, 62, 63]

Target: 44 - testing sources [0, 1, 2, 3, 4, 5, 6, 7, 8, 9, 10, 11, 12, 13, 14, 15, 16, 17, 18, 19, 20, 21, 22, 23, 24, 25, 26, 27, 28, 29, 30, 31, 32, 33, 34, 35, 36, 37, 38, 39, 40, 41, 42, 43, 45, 46, 47, 48, 49, 50, 51, 52, 53, 54, 55, 56, 57, 58, 59, 60, 61, 62, 63]

---------------------------- (1) include target candidates
candidate set: [(44, 1), (44, 2)]
testing candidate: (44, 1) maximum statistic, n_perm: 50
 -- not significant

No informative sources in the target's past - adding target sample with lag 1.

---------------------------- (2) include source candidates
candidate set: [(0, 1), (0, 2), (1, 1), (1, 2), (2, 1), (2, 2), (3, 1), (3, 2), (4, 1), (4, 2), (5, 1), (5, 2), (6, 1), (6, 2), (7, 1), (7, 2), (8, 1), (8, 2), (9, 1), (9, 2), (10, 1), (10, 2), (11, 1), (11, 2), (12, 1), (12, 2), (13, 1), (13, 2), (14, 1), (14, 2), (15, 1), (15, 2), (16, 1), (16, 2), (17, 1), (17, 2), (18, 1), (18, 2), (19, 1), (19, 2), (20, 1), (20, 2), (21, 1), (21, 2), (22, 1), (22, 2), (23, 1), (23, 2), (24, 1), (24, 2), (25, 1), (25, 2), (26, 1), (26, 2), (27, 1), (27, 2), (28, 1), (28, 2), (29, 1), (29, 2), (30, 1), (30, 2), (31, 1), (31, 2), (32, 1), (32, 2), (33, 1), (33, 2), (34, 1), (34, 2), (35, 1), (35, 2), (36, 1), (36, 2), (37, 1), (37, 2), (38, 1), (38, 2), (39, 1), (39, 2), (40, 1), (40, 2), (41, 1), (41, 2), (42, 1), (42, 2), (43, 1), (43, 2), (45, 1), (45, 2), (46, 1), (46, 2), (47, 1), (47, 2), (48, 1), (48, 2), (49, 1), (49, 2), (50, 1), (50, 2), (51, 1), (51, 2), (52, 1), (52, 2), (53, 1), (53, 2), (54, 1), (54, 2), (55, 1), (55, 2), (56, 1), (56, 2), (57, 1), (57, 2), (58, 1), (58, 2), (59, 1), (59, 2), (60, 1), (60, 2), (61, 1), (61, 2), (62, 1), (62, 2), (63, 1), (63, 2)]
testing candidate: (0, 1) maximum statistic, n_perm: 50
 -- not significant

---------------------------- (3) prune source candidate
no sources selected, nothing to prune ...

---------------------------- (4) final statistics
no sources selected ...
final source samples: []
final target samples: [(44, 1)]



####### analysing target with index 45 from list [0, 1, 2, 3, 4, 5, 6, 7, 8, 9, 10, 11, 12, 13, 14, 15, 16, 17, 18, 19, 20, 21, 22, 23, 24, 25, 26, 27, 28, 29, 30, 31, 32, 33, 34, 35, 36, 37, 38, 39, 40, 41, 42, 43, 44, 45, 46, 47, 48, 49, 50, 51, 52, 53, 54, 55, 56, 57, 58, 59, 60, 61, 62, 63]

Target: 45 - testing sources [0, 1, 2, 3, 4, 5, 6, 7, 8, 9, 10, 11, 12, 13, 14, 15, 16, 17, 18, 19, 20, 21, 22, 23, 24, 25, 26, 27, 28, 29, 30, 31, 32, 33, 34, 35, 36, 37, 38, 39, 40, 41, 42, 43, 44, 46, 47, 48, 49, 50, 51, 52, 53, 54, 55, 56, 57, 58, 59, 60, 61, 62, 63]

---------------------------- (1) include target candidates
candidate set: [(45, 1), (45, 2)]
testing candidate: (45, 1) maximum statistic, n_perm: 50
 -- not significant

No informative sources in the target's past - adding target sample with lag 1.

---------------------------- (2) include source candidates
candidate set: [(0, 1), (0, 2), (1, 1), (1, 2), (2, 1), (2, 2), (3, 1), (3, 2), (4, 1), (4, 2), (5, 1), (5, 2), (6, 1), (6, 2), (7, 1), (7, 2), (8, 1), (8, 2), (9, 1), (9, 2), (10, 1), (10, 2), (11, 1), (11, 2), (12, 1), (12, 2), (13, 1), (13, 2), (14, 1), (14, 2), (15, 1), (15, 2), (16, 1), (16, 2), (17, 1), (17, 2), (18, 1), (18, 2), (19, 1), (19, 2), (20, 1), (20, 2), (21, 1), (21, 2), (22, 1), (22, 2), (23, 1), (23, 2), (24, 1), (24, 2), (25, 1), (25, 2), (26, 1), (26, 2), (27, 1), (27, 2), (28, 1), (28, 2), (29, 1), (29, 2), (30, 1), (30, 2), (31, 1), (31, 2), (32, 1), (32, 2), (33, 1), (33, 2), (34, 1), (34, 2), (35, 1), (35, 2), (36, 1), (36, 2), (37, 1), (37, 2), (38, 1), (38, 2), (39, 1), (39, 2), (40, 1), (40, 2), (41, 1), (41, 2), (42, 1), (42, 2), (43, 1), (43, 2), (44, 1), (44, 2), (46, 1), (46, 2), (47, 1), (47, 2), (48, 1), (48, 2), (49, 1), (49, 2), (50, 1), (50, 2), (51, 1), (51, 2), (52, 1), (52, 2), (53, 1), (53, 2), (54, 1), (54, 2), (55, 1), (55, 2), (56, 1), (56, 2), (57, 1), (57, 2), (58, 1), (58, 2), (59, 1), (59, 2), (60, 1), (60, 2), (61, 1), (61, 2), (62, 1), (62, 2), (63, 1), (63, 2)]
testing candidate: (0, 1) maximum statistic, n_perm: 50
 -- not significant

---------------------------- (3) prune source candidate
no sources selected, nothing to prune ...

---------------------------- (4) final statistics
no sources selected ...
final source samples: []
final target samples: [(45, 1)]



####### analysing target with index 46 from list [0, 1, 2, 3, 4, 5, 6, 7, 8, 9, 10, 11, 12, 13, 14, 15, 16, 17, 18, 19, 20, 21, 22, 23, 24, 25, 26, 27, 28, 29, 30, 31, 32, 33, 34, 35, 36, 37, 38, 39, 40, 41, 42, 43, 44, 45, 46, 47, 48, 49, 50, 51, 52, 53, 54, 55, 56, 57, 58, 59, 60, 61, 62, 63]

Target: 46 - testing sources [0, 1, 2, 3, 4, 5, 6, 7, 8, 9, 10, 11, 12, 13, 14, 15, 16, 17, 18, 19, 20, 21, 22, 23, 24, 25, 26, 27, 28, 29, 30, 31, 32, 33, 34, 35, 36, 37, 38, 39, 40, 41, 42, 43, 44, 45, 47, 48, 49, 50, 51, 52, 53, 54, 55, 56, 57, 58, 59, 60, 61, 62, 63]

---------------------------- (1) include target candidates
candidate set: [(46, 1), (46, 2)]
testing candidate: (46, 1) maximum statistic, n_perm: 50
 -- not significant

No informative sources in the target's past - adding target sample with lag 1.

---------------------------- (2) include source candidates
candidate set: [(0, 1), (0, 2), (1, 1), (1, 2), (2, 1), (2, 2), (3, 1), (3, 2), (4, 1), (4, 2), (5, 1), (5, 2), (6, 1), (6, 2), (7, 1), (7, 2), (8, 1), (8, 2), (9, 1), (9, 2), (10, 1), (10, 2), (11, 1), (11, 2), (12, 1), (12, 2), (13, 1), (13, 2), (14, 1), (14, 2), (15, 1), (15, 2), (16, 1), (16, 2), (17, 1), (17, 2), (18, 1), (18, 2), (19, 1), (19, 2), (20, 1), (20, 2), (21, 1), (21, 2), (22, 1), (22, 2), (23, 1), (23, 2), (24, 1), (24, 2), (25, 1), (25, 2), (26, 1), (26, 2), (27, 1), (27, 2), (28, 1), (28, 2), (29, 1), (29, 2), (30, 1), (30, 2), (31, 1), (31, 2), (32, 1), (32, 2), (33, 1), (33, 2), (34, 1), (34, 2), (35, 1), (35, 2), (36, 1), (36, 2), (37, 1), (37, 2), (38, 1), (38, 2), (39, 1), (39, 2), (40, 1), (40, 2), (41, 1), (41, 2), (42, 1), (42, 2), (43, 1), (43, 2), (44, 1), (44, 2), (45, 1), (45, 2), (47, 1), (47, 2), (48, 1), (48, 2), (49, 1), (49, 2), (50, 1), (50, 2), (51, 1), (51, 2), (52, 1), (52, 2), (53, 1), (53, 2), (54, 1), (54, 2), (55, 1), (55, 2), (56, 1), (56, 2), (57, 1), (57, 2), (58, 1), (58, 2), (59, 1), (59, 2), (60, 1), (60, 2), (61, 1), (61, 2), (62, 1), (62, 2), (63, 1), (63, 2)]
testing candidate: (0, 1) maximum statistic, n_perm: 50
 -- not significant

---------------------------- (3) prune source candidate
no sources selected, nothing to prune ...

---------------------------- (4) final statistics
no sources selected ...
final source samples: []
final target samples: [(46, 1)]



####### analysing target with index 47 from list [0, 1, 2, 3, 4, 5, 6, 7, 8, 9, 10, 11, 12, 13, 14, 15, 16, 17, 18, 19, 20, 21, 22, 23, 24, 25, 26, 27, 28, 29, 30, 31, 32, 33, 34, 35, 36, 37, 38, 39, 40, 41, 42, 43, 44, 45, 46, 47, 48, 49, 50, 51, 52, 53, 54, 55, 56, 57, 58, 59, 60, 61, 62, 63]

Target: 47 - testing sources [0, 1, 2, 3, 4, 5, 6, 7, 8, 9, 10, 11, 12, 13, 14, 15, 16, 17, 18, 19, 20, 21, 22, 23, 24, 25, 26, 27, 28, 29, 30, 31, 32, 33, 34, 35, 36, 37, 38, 39, 40, 41, 42, 43, 44, 45, 46, 48, 49, 50, 51, 52, 53, 54, 55, 56, 57, 58, 59, 60, 61, 62, 63]

---------------------------- (1) include target candidates
candidate set: [(47, 1), (47, 2)]
testing candidate: (47, 1) maximum statistic, n_perm: 50
 -- not significant

No informative sources in the target's past - adding target sample with lag 1.

---------------------------- (2) include source candidates
candidate set: [(0, 1), (0, 2), (1, 1), (1, 2), (2, 1), (2, 2), (3, 1), (3, 2), (4, 1), (4, 2), (5, 1), (5, 2), (6, 1), (6, 2), (7, 1), (7, 2), (8, 1), (8, 2), (9, 1), (9, 2), (10, 1), (10, 2), (11, 1), (11, 2), (12, 1), (12, 2), (13, 1), (13, 2), (14, 1), (14, 2), (15, 1), (15, 2), (16, 1), (16, 2), (17, 1), (17, 2), (18, 1), (18, 2), (19, 1), (19, 2), (20, 1), (20, 2), (21, 1), (21, 2), (22, 1), (22, 2), (23, 1), (23, 2), (24, 1), (24, 2), (25, 1), (25, 2), (26, 1), (26, 2), (27, 1), (27, 2), (28, 1), (28, 2), (29, 1), (29, 2), (30, 1), (30, 2), (31, 1), (31, 2), (32, 1), (32, 2), (33, 1), (33, 2), (34, 1), (34, 2), (35, 1), (35, 2), (36, 1), (36, 2), (37, 1), (37, 2), (38, 1), (38, 2), (39, 1), (39, 2), (40, 1), (40, 2), (41, 1), (41, 2), (42, 1), (42, 2), (43, 1), (43, 2), (44, 1), (44, 2), (45, 1), (45, 2), (46, 1), (46, 2), (48, 1), (48, 2), (49, 1), (49, 2), (50, 1), (50, 2), (51, 1), (51, 2), (52, 1), (52, 2), (53, 1), (53, 2), (54, 1), (54, 2), (55, 1), (55, 2), (56, 1), (56, 2), (57, 1), (57, 2), (58, 1), (58, 2), (59, 1), (59, 2), (60, 1), (60, 2), (61, 1), (61, 2), (62, 1), (62, 2), (63, 1), (63, 2)]
testing candidate: (0, 1) maximum statistic, n_perm: 50
 -- not significant

---------------------------- (3) prune source candidate
no sources selected, nothing to prune ...

---------------------------- (4) final statistics
no sources selected ...
final source samples: []
final target samples: [(47, 1)]



####### analysing target with index 48 from list [0, 1, 2, 3, 4, 5, 6, 7, 8, 9, 10, 11, 12, 13, 14, 15, 16, 17, 18, 19, 20, 21, 22, 23, 24, 25, 26, 27, 28, 29, 30, 31, 32, 33, 34, 35, 36, 37, 38, 39, 40, 41, 42, 43, 44, 45, 46, 47, 48, 49, 50, 51, 52, 53, 54, 55, 56, 57, 58, 59, 60, 61, 62, 63]

Target: 48 - testing sources [0, 1, 2, 3, 4, 5, 6, 7, 8, 9, 10, 11, 12, 13, 14, 15, 16, 17, 18, 19, 20, 21, 22, 23, 24, 25, 26, 27, 28, 29, 30, 31, 32, 33, 34, 35, 36, 37, 38, 39, 40, 41, 42, 43, 44, 45, 46, 47, 49, 50, 51, 52, 53, 54, 55, 56, 57, 58, 59, 60, 61, 62, 63]

---------------------------- (1) include target candidates
candidate set: [(48, 1), (48, 2)]
testing candidate: (48, 1) maximum statistic, n_perm: 50
 -- not significant

No informative sources in the target's past - adding target sample with lag 1.

---------------------------- (2) include source candidates
candidate set: [(0, 1), (0, 2), (1, 1), (1, 2), (2, 1), (2, 2), (3, 1), (3, 2), (4, 1), (4, 2), (5, 1), (5, 2), (6, 1), (6, 2), (7, 1), (7, 2), (8, 1), (8, 2), (9, 1), (9, 2), (10, 1), (10, 2), (11, 1), (11, 2), (12, 1), (12, 2), (13, 1), (13, 2), (14, 1), (14, 2), (15, 1), (15, 2), (16, 1), (16, 2), (17, 1), (17, 2), (18, 1), (18, 2), (19, 1), (19, 2), (20, 1), (20, 2), (21, 1), (21, 2), (22, 1), (22, 2), (23, 1), (23, 2), (24, 1), (24, 2), (25, 1), (25, 2), (26, 1), (26, 2), (27, 1), (27, 2), (28, 1), (28, 2), (29, 1), (29, 2), (30, 1), (30, 2), (31, 1), (31, 2), (32, 1), (32, 2), (33, 1), (33, 2), (34, 1), (34, 2), (35, 1), (35, 2), (36, 1), (36, 2), (37, 1), (37, 2), (38, 1), (38, 2), (39, 1), (39, 2), (40, 1), (40, 2), (41, 1), (41, 2), (42, 1), (42, 2), (43, 1), (43, 2), (44, 1), (44, 2), (45, 1), (45, 2), (46, 1), (46, 2), (47, 1), (47, 2), (49, 1), (49, 2), (50, 1), (50, 2), (51, 1), (51, 2), (52, 1), (52, 2), (53, 1), (53, 2), (54, 1), (54, 2), (55, 1), (55, 2), (56, 1), (56, 2), (57, 1), (57, 2), (58, 1), (58, 2), (59, 1), (59, 2), (60, 1), (60, 2), (61, 1), (61, 2), (62, 1), (62, 2), (63, 1), (63, 2)]
testing candidate: (0, 1) maximum statistic, n_perm: 50
 -- not significant

---------------------------- (3) prune source candidate
no sources selected, nothing to prune ...

---------------------------- (4) final statistics
no sources selected ...
final source samples: []
final target samples: [(48, 1)]



####### analysing target with index 49 from list [0, 1, 2, 3, 4, 5, 6, 7, 8, 9, 10, 11, 12, 13, 14, 15, 16, 17, 18, 19, 20, 21, 22, 23, 24, 25, 26, 27, 28, 29, 30, 31, 32, 33, 34, 35, 36, 37, 38, 39, 40, 41, 42, 43, 44, 45, 46, 47, 48, 49, 50, 51, 52, 53, 54, 55, 56, 57, 58, 59, 60, 61, 62, 63]

Target: 49 - testing sources [0, 1, 2, 3, 4, 5, 6, 7, 8, 9, 10, 11, 12, 13, 14, 15, 16, 17, 18, 19, 20, 21, 22, 23, 24, 25, 26, 27, 28, 29, 30, 31, 32, 33, 34, 35, 36, 37, 38, 39, 40, 41, 42, 43, 44, 45, 46, 47, 48, 50, 51, 52, 53, 54, 55, 56, 57, 58, 59, 60, 61, 62, 63]

---------------------------- (1) include target candidates
candidate set: [(49, 1), (49, 2)]
testing candidate: (49, 1) maximum statistic, n_perm: 50
 -- not significant

No informative sources in the target's past - adding target sample with lag 1.

---------------------------- (2) include source candidates
candidate set: [(0, 1), (0, 2), (1, 1), (1, 2), (2, 1), (2, 2), (3, 1), (3, 2), (4, 1), (4, 2), (5, 1), (5, 2), (6, 1), (6, 2), (7, 1), (7, 2), (8, 1), (8, 2), (9, 1), (9, 2), (10, 1), (10, 2), (11, 1), (11, 2), (12, 1), (12, 2), (13, 1), (13, 2), (14, 1), (14, 2), (15, 1), (15, 2), (16, 1), (16, 2), (17, 1), (17, 2), (18, 1), (18, 2), (19, 1), (19, 2), (20, 1), (20, 2), (21, 1), (21, 2), (22, 1), (22, 2), (23, 1), (23, 2), (24, 1), (24, 2), (25, 1), (25, 2), (26, 1), (26, 2), (27, 1), (27, 2), (28, 1), (28, 2), (29, 1), (29, 2), (30, 1), (30, 2), (31, 1), (31, 2), (32, 1), (32, 2), (33, 1), (33, 2), (34, 1), (34, 2), (35, 1), (35, 2), (36, 1), (36, 2), (37, 1), (37, 2), (38, 1), (38, 2), (39, 1), (39, 2), (40, 1), (40, 2), (41, 1), (41, 2), (42, 1), (42, 2), (43, 1), (43, 2), (44, 1), (44, 2), (45, 1), (45, 2), (46, 1), (46, 2), (47, 1), (47, 2), (48, 1), (48, 2), (50, 1), (50, 2), (51, 1), (51, 2), (52, 1), (52, 2), (53, 1), (53, 2), (54, 1), (54, 2), (55, 1), (55, 2), (56, 1), (56, 2), (57, 1), (57, 2), (58, 1), (58, 2), (59, 1), (59, 2), (60, 1), (60, 2), (61, 1), (61, 2), (62, 1), (62, 2), (63, 1), (63, 2)]
testing candidate: (0, 1) maximum statistic, n_perm: 50
 -- not significant

---------------------------- (3) prune source candidate
no sources selected, nothing to prune ...

---------------------------- (4) final statistics
no sources selected ...
final source samples: []
final target samples: [(49, 1)]



####### analysing target with index 50 from list [0, 1, 2, 3, 4, 5, 6, 7, 8, 9, 10, 11, 12, 13, 14, 15, 16, 17, 18, 19, 20, 21, 22, 23, 24, 25, 26, 27, 28, 29, 30, 31, 32, 33, 34, 35, 36, 37, 38, 39, 40, 41, 42, 43, 44, 45, 46, 47, 48, 49, 50, 51, 52, 53, 54, 55, 56, 57, 58, 59, 60, 61, 62, 63]

Target: 50 - testing sources [0, 1, 2, 3, 4, 5, 6, 7, 8, 9, 10, 11, 12, 13, 14, 15, 16, 17, 18, 19, 20, 21, 22, 23, 24, 25, 26, 27, 28, 29, 30, 31, 32, 33, 34, 35, 36, 37, 38, 39, 40, 41, 42, 43, 44, 45, 46, 47, 48, 49, 51, 52, 53, 54, 55, 56, 57, 58, 59, 60, 61, 62, 63]

---------------------------- (1) include target candidates
candidate set: [(50, 1), (50, 2)]
testing candidate: (50, 1) maximum statistic, n_perm: 50
 -- not significant

No informative sources in the target's past - adding target sample with lag 1.

---------------------------- (2) include source candidates
candidate set: [(0, 1), (0, 2), (1, 1), (1, 2), (2, 1), (2, 2), (3, 1), (3, 2), (4, 1), (4, 2), (5, 1), (5, 2), (6, 1), (6, 2), (7, 1), (7, 2), (8, 1), (8, 2), (9, 1), (9, 2), (10, 1), (10, 2), (11, 1), (11, 2), (12, 1), (12, 2), (13, 1), (13, 2), (14, 1), (14, 2), (15, 1), (15, 2), (16, 1), (16, 2), (17, 1), (17, 2), (18, 1), (18, 2), (19, 1), (19, 2), (20, 1), (20, 2), (21, 1), (21, 2), (22, 1), (22, 2), (23, 1), (23, 2), (24, 1), (24, 2), (25, 1), (25, 2), (26, 1), (26, 2), (27, 1), (27, 2), (28, 1), (28, 2), (29, 1), (29, 2), (30, 1), (30, 2), (31, 1), (31, 2), (32, 1), (32, 2), (33, 1), (33, 2), (34, 1), (34, 2), (35, 1), (35, 2), (36, 1), (36, 2), (37, 1), (37, 2), (38, 1), (38, 2), (39, 1), (39, 2), (40, 1), (40, 2), (41, 1), (41, 2), (42, 1), (42, 2), (43, 1), (43, 2), (44, 1), (44, 2), (45, 1), (45, 2), (46, 1), (46, 2), (47, 1), (47, 2), (48, 1), (48, 2), (49, 1), (49, 2), (51, 1), (51, 2), (52, 1), (52, 2), (53, 1), (53, 2), (54, 1), (54, 2), (55, 1), (55, 2), (56, 1), (56, 2), (57, 1), (57, 2), (58, 1), (58, 2), (59, 1), (59, 2), (60, 1), (60, 2), (61, 1), (61, 2), (62, 1), (62, 2), (63, 1), (63, 2)]
testing candidate: (0, 1) maximum statistic, n_perm: 50
 -- not significant

---------------------------- (3) prune source candidate
no sources selected, nothing to prune ...

---------------------------- (4) final statistics
no sources selected ...
final source samples: []
final target samples: [(50, 1)]



####### analysing target with index 51 from list [0, 1, 2, 3, 4, 5, 6, 7, 8, 9, 10, 11, 12, 13, 14, 15, 16, 17, 18, 19, 20, 21, 22, 23, 24, 25, 26, 27, 28, 29, 30, 31, 32, 33, 34, 35, 36, 37, 38, 39, 40, 41, 42, 43, 44, 45, 46, 47, 48, 49, 50, 51, 52, 53, 54, 55, 56, 57, 58, 59, 60, 61, 62, 63]

Target: 51 - testing sources [0, 1, 2, 3, 4, 5, 6, 7, 8, 9, 10, 11, 12, 13, 14, 15, 16, 17, 18, 19, 20, 21, 22, 23, 24, 25, 26, 27, 28, 29, 30, 31, 32, 33, 34, 35, 36, 37, 38, 39, 40, 41, 42, 43, 44, 45, 46, 47, 48, 49, 50, 52, 53, 54, 55, 56, 57, 58, 59, 60, 61, 62, 63]

---------------------------- (1) include target candidates
candidate set: [(51, 1), (51, 2)]
testing candidate: (51, 1) maximum statistic, n_perm: 50
 -- not significant

No informative sources in the target's past - adding target sample with lag 1.

---------------------------- (2) include source candidates
candidate set: [(0, 1), (0, 2), (1, 1), (1, 2), (2, 1), (2, 2), (3, 1), (3, 2), (4, 1), (4, 2), (5, 1), (5, 2), (6, 1), (6, 2), (7, 1), (7, 2), (8, 1), (8, 2), (9, 1), (9, 2), (10, 1), (10, 2), (11, 1), (11, 2), (12, 1), (12, 2), (13, 1), (13, 2), (14, 1), (14, 2), (15, 1), (15, 2), (16, 1), (16, 2), (17, 1), (17, 2), (18, 1), (18, 2), (19, 1), (19, 2), (20, 1), (20, 2), (21, 1), (21, 2), (22, 1), (22, 2), (23, 1), (23, 2), (24, 1), (24, 2), (25, 1), (25, 2), (26, 1), (26, 2), (27, 1), (27, 2), (28, 1), (28, 2), (29, 1), (29, 2), (30, 1), (30, 2), (31, 1), (31, 2), (32, 1), (32, 2), (33, 1), (33, 2), (34, 1), (34, 2), (35, 1), (35, 2), (36, 1), (36, 2), (37, 1), (37, 2), (38, 1), (38, 2), (39, 1), (39, 2), (40, 1), (40, 2), (41, 1), (41, 2), (42, 1), (42, 2), (43, 1), (43, 2), (44, 1), (44, 2), (45, 1), (45, 2), (46, 1), (46, 2), (47, 1), (47, 2), (48, 1), (48, 2), (49, 1), (49, 2), (50, 1), (50, 2), (52, 1), (52, 2), (53, 1), (53, 2), (54, 1), (54, 2), (55, 1), (55, 2), (56, 1), (56, 2), (57, 1), (57, 2), (58, 1), (58, 2), (59, 1), (59, 2), (60, 1), (60, 2), (61, 1), (61, 2), (62, 1), (62, 2), (63, 1), (63, 2)]
testing candidate: (0, 1) maximum statistic, n_perm: 50
 -- not significant

---------------------------- (3) prune source candidate
no sources selected, nothing to prune ...

---------------------------- (4) final statistics
no sources selected ...
final source samples: []
final target samples: [(51, 1)]



####### analysing target with index 52 from list [0, 1, 2, 3, 4, 5, 6, 7, 8, 9, 10, 11, 12, 13, 14, 15, 16, 17, 18, 19, 20, 21, 22, 23, 24, 25, 26, 27, 28, 29, 30, 31, 32, 33, 34, 35, 36, 37, 38, 39, 40, 41, 42, 43, 44, 45, 46, 47, 48, 49, 50, 51, 52, 53, 54, 55, 56, 57, 58, 59, 60, 61, 62, 63]

Target: 52 - testing sources [0, 1, 2, 3, 4, 5, 6, 7, 8, 9, 10, 11, 12, 13, 14, 15, 16, 17, 18, 19, 20, 21, 22, 23, 24, 25, 26, 27, 28, 29, 30, 31, 32, 33, 34, 35, 36, 37, 38, 39, 40, 41, 42, 43, 44, 45, 46, 47, 48, 49, 50, 51, 53, 54, 55, 56, 57, 58, 59, 60, 61, 62, 63]

---------------------------- (1) include target candidates
candidate set: [(52, 1), (52, 2)]
testing candidate: (52, 1) maximum statistic, n_perm: 50
 -- not significant

No informative sources in the target's past - adding target sample with lag 1.

---------------------------- (2) include source candidates
candidate set: [(0, 1), (0, 2), (1, 1), (1, 2), (2, 1), (2, 2), (3, 1), (3, 2), (4, 1), (4, 2), (5, 1), (5, 2), (6, 1), (6, 2), (7, 1), (7, 2), (8, 1), (8, 2), (9, 1), (9, 2), (10, 1), (10, 2), (11, 1), (11, 2), (12, 1), (12, 2), (13, 1), (13, 2), (14, 1), (14, 2), (15, 1), (15, 2), (16, 1), (16, 2), (17, 1), (17, 2), (18, 1), (18, 2), (19, 1), (19, 2), (20, 1), (20, 2), (21, 1), (21, 2), (22, 1), (22, 2), (23, 1), (23, 2), (24, 1), (24, 2), (25, 1), (25, 2), (26, 1), (26, 2), (27, 1), (27, 2), (28, 1), (28, 2), (29, 1), (29, 2), (30, 1), (30, 2), (31, 1), (31, 2), (32, 1), (32, 2), (33, 1), (33, 2), (34, 1), (34, 2), (35, 1), (35, 2), (36, 1), (36, 2), (37, 1), (37, 2), (38, 1), (38, 2), (39, 1), (39, 2), (40, 1), (40, 2), (41, 1), (41, 2), (42, 1), (42, 2), (43, 1), (43, 2), (44, 1), (44, 2), (45, 1), (45, 2), (46, 1), (46, 2), (47, 1), (47, 2), (48, 1), (48, 2), (49, 1), (49, 2), (50, 1), (50, 2), (51, 1), (51, 2), (53, 1), (53, 2), (54, 1), (54, 2), (55, 1), (55, 2), (56, 1), (56, 2), (57, 1), (57, 2), (58, 1), (58, 2), (59, 1), (59, 2), (60, 1), (60, 2), (61, 1), (61, 2), (62, 1), (62, 2), (63, 1), (63, 2)]
testing candidate: (0, 1) maximum statistic, n_perm: 50
 -- not significant

---------------------------- (3) prune source candidate
no sources selected, nothing to prune ...

---------------------------- (4) final statistics
no sources selected ...
final source samples: []
final target samples: [(52, 1)]



####### analysing target with index 53 from list [0, 1, 2, 3, 4, 5, 6, 7, 8, 9, 10, 11, 12, 13, 14, 15, 16, 17, 18, 19, 20, 21, 22, 23, 24, 25, 26, 27, 28, 29, 30, 31, 32, 33, 34, 35, 36, 37, 38, 39, 40, 41, 42, 43, 44, 45, 46, 47, 48, 49, 50, 51, 52, 53, 54, 55, 56, 57, 58, 59, 60, 61, 62, 63]

Target: 53 - testing sources [0, 1, 2, 3, 4, 5, 6, 7, 8, 9, 10, 11, 12, 13, 14, 15, 16, 17, 18, 19, 20, 21, 22, 23, 24, 25, 26, 27, 28, 29, 30, 31, 32, 33, 34, 35, 36, 37, 38, 39, 40, 41, 42, 43, 44, 45, 46, 47, 48, 49, 50, 51, 52, 54, 55, 56, 57, 58, 59, 60, 61, 62, 63]

---------------------------- (1) include target candidates
candidate set: [(53, 1), (53, 2)]
testing candidate: (53, 1) maximum statistic, n_perm: 50
 -- not significant

No informative sources in the target's past - adding target sample with lag 1.

---------------------------- (2) include source candidates
candidate set: [(0, 1), (0, 2), (1, 1), (1, 2), (2, 1), (2, 2), (3, 1), (3, 2), (4, 1), (4, 2), (5, 1), (5, 2), (6, 1), (6, 2), (7, 1), (7, 2), (8, 1), (8, 2), (9, 1), (9, 2), (10, 1), (10, 2), (11, 1), (11, 2), (12, 1), (12, 2), (13, 1), (13, 2), (14, 1), (14, 2), (15, 1), (15, 2), (16, 1), (16, 2), (17, 1), (17, 2), (18, 1), (18, 2), (19, 1), (19, 2), (20, 1), (20, 2), (21, 1), (21, 2), (22, 1), (22, 2), (23, 1), (23, 2), (24, 1), (24, 2), (25, 1), (25, 2), (26, 1), (26, 2), (27, 1), (27, 2), (28, 1), (28, 2), (29, 1), (29, 2), (30, 1), (30, 2), (31, 1), (31, 2), (32, 1), (32, 2), (33, 1), (33, 2), (34, 1), (34, 2), (35, 1), (35, 2), (36, 1), (36, 2), (37, 1), (37, 2), (38, 1), (38, 2), (39, 1), (39, 2), (40, 1), (40, 2), (41, 1), (41, 2), (42, 1), (42, 2), (43, 1), (43, 2), (44, 1), (44, 2), (45, 1), (45, 2), (46, 1), (46, 2), (47, 1), (47, 2), (48, 1), (48, 2), (49, 1), (49, 2), (50, 1), (50, 2), (51, 1), (51, 2), (52, 1), (52, 2), (54, 1), (54, 2), (55, 1), (55, 2), (56, 1), (56, 2), (57, 1), (57, 2), (58, 1), (58, 2), (59, 1), (59, 2), (60, 1), (60, 2), (61, 1), (61, 2), (62, 1), (62, 2), (63, 1), (63, 2)]
testing candidate: (0, 1) maximum statistic, n_perm: 50
 -- not significant

---------------------------- (3) prune source candidate
no sources selected, nothing to prune ...

---------------------------- (4) final statistics
no sources selected ...
final source samples: []
final target samples: [(53, 1)]



####### analysing target with index 54 from list [0, 1, 2, 3, 4, 5, 6, 7, 8, 9, 10, 11, 12, 13, 14, 15, 16, 17, 18, 19, 20, 21, 22, 23, 24, 25, 26, 27, 28, 29, 30, 31, 32, 33, 34, 35, 36, 37, 38, 39, 40, 41, 42, 43, 44, 45, 46, 47, 48, 49, 50, 51, 52, 53, 54, 55, 56, 57, 58, 59, 60, 61, 62, 63]

Target: 54 - testing sources [0, 1, 2, 3, 4, 5, 6, 7, 8, 9, 10, 11, 12, 13, 14, 15, 16, 17, 18, 19, 20, 21, 22, 23, 24, 25, 26, 27, 28, 29, 30, 31, 32, 33, 34, 35, 36, 37, 38, 39, 40, 41, 42, 43, 44, 45, 46, 47, 48, 49, 50, 51, 52, 53, 55, 56, 57, 58, 59, 60, 61, 62, 63]

---------------------------- (1) include target candidates
candidate set: [(54, 1), (54, 2)]
testing candidate: (54, 1) maximum statistic, n_perm: 50
 -- not significant

No informative sources in the target's past - adding target sample with lag 1.

---------------------------- (2) include source candidates
candidate set: [(0, 1), (0, 2), (1, 1), (1, 2), (2, 1), (2, 2), (3, 1), (3, 2), (4, 1), (4, 2), (5, 1), (5, 2), (6, 1), (6, 2), (7, 1), (7, 2), (8, 1), (8, 2), (9, 1), (9, 2), (10, 1), (10, 2), (11, 1), (11, 2), (12, 1), (12, 2), (13, 1), (13, 2), (14, 1), (14, 2), (15, 1), (15, 2), (16, 1), (16, 2), (17, 1), (17, 2), (18, 1), (18, 2), (19, 1), (19, 2), (20, 1), (20, 2), (21, 1), (21, 2), (22, 1), (22, 2), (23, 1), (23, 2), (24, 1), (24, 2), (25, 1), (25, 2), (26, 1), (26, 2), (27, 1), (27, 2), (28, 1), (28, 2), (29, 1), (29, 2), (30, 1), (30, 2), (31, 1), (31, 2), (32, 1), (32, 2), (33, 1), (33, 2), (34, 1), (34, 2), (35, 1), (35, 2), (36, 1), (36, 2), (37, 1), (37, 2), (38, 1), (38, 2), (39, 1), (39, 2), (40, 1), (40, 2), (41, 1), (41, 2), (42, 1), (42, 2), (43, 1), (43, 2), (44, 1), (44, 2), (45, 1), (45, 2), (46, 1), (46, 2), (47, 1), (47, 2), (48, 1), (48, 2), (49, 1), (49, 2), (50, 1), (50, 2), (51, 1), (51, 2), (52, 1), (52, 2), (53, 1), (53, 2), (55, 1), (55, 2), (56, 1), (56, 2), (57, 1), (57, 2), (58, 1), (58, 2), (59, 1), (59, 2), (60, 1), (60, 2), (61, 1), (61, 2), (62, 1), (62, 2), (63, 1), (63, 2)]
testing candidate: (0, 1) maximum statistic, n_perm: 50
 -- not significant

---------------------------- (3) prune source candidate
no sources selected, nothing to prune ...

---------------------------- (4) final statistics
no sources selected ...
final source samples: []
final target samples: [(54, 1)]



####### analysing target with index 55 from list [0, 1, 2, 3, 4, 5, 6, 7, 8, 9, 10, 11, 12, 13, 14, 15, 16, 17, 18, 19, 20, 21, 22, 23, 24, 25, 26, 27, 28, 29, 30, 31, 32, 33, 34, 35, 36, 37, 38, 39, 40, 41, 42, 43, 44, 45, 46, 47, 48, 49, 50, 51, 52, 53, 54, 55, 56, 57, 58, 59, 60, 61, 62, 63]

Target: 55 - testing sources [0, 1, 2, 3, 4, 5, 6, 7, 8, 9, 10, 11, 12, 13, 14, 15, 16, 17, 18, 19, 20, 21, 22, 23, 24, 25, 26, 27, 28, 29, 30, 31, 32, 33, 34, 35, 36, 37, 38, 39, 40, 41, 42, 43, 44, 45, 46, 47, 48, 49, 50, 51, 52, 53, 54, 56, 57, 58, 59, 60, 61, 62, 63]

---------------------------- (1) include target candidates
candidate set: [(55, 1), (55, 2)]
testing candidate: (55, 1) maximum statistic, n_perm: 50
 -- not significant

No informative sources in the target's past - adding target sample with lag 1.

---------------------------- (2) include source candidates
candidate set: [(0, 1), (0, 2), (1, 1), (1, 2), (2, 1), (2, 2), (3, 1), (3, 2), (4, 1), (4, 2), (5, 1), (5, 2), (6, 1), (6, 2), (7, 1), (7, 2), (8, 1), (8, 2), (9, 1), (9, 2), (10, 1), (10, 2), (11, 1), (11, 2), (12, 1), (12, 2), (13, 1), (13, 2), (14, 1), (14, 2), (15, 1), (15, 2), (16, 1), (16, 2), (17, 1), (17, 2), (18, 1), (18, 2), (19, 1), (19, 2), (20, 1), (20, 2), (21, 1), (21, 2), (22, 1), (22, 2), (23, 1), (23, 2), (24, 1), (24, 2), (25, 1), (25, 2), (26, 1), (26, 2), (27, 1), (27, 2), (28, 1), (28, 2), (29, 1), (29, 2), (30, 1), (30, 2), (31, 1), (31, 2), (32, 1), (32, 2), (33, 1), (33, 2), (34, 1), (34, 2), (35, 1), (35, 2), (36, 1), (36, 2), (37, 1), (37, 2), (38, 1), (38, 2), (39, 1), (39, 2), (40, 1), (40, 2), (41, 1), (41, 2), (42, 1), (42, 2), (43, 1), (43, 2), (44, 1), (44, 2), (45, 1), (45, 2), (46, 1), (46, 2), (47, 1), (47, 2), (48, 1), (48, 2), (49, 1), (49, 2), (50, 1), (50, 2), (51, 1), (51, 2), (52, 1), (52, 2), (53, 1), (53, 2), (54, 1), (54, 2), (56, 1), (56, 2), (57, 1), (57, 2), (58, 1), (58, 2), (59, 1), (59, 2), (60, 1), (60, 2), (61, 1), (61, 2), (62, 1), (62, 2), (63, 1), (63, 2)]
testing candidate: (0, 1) maximum statistic, n_perm: 50
 -- not significant

---------------------------- (3) prune source candidate
no sources selected, nothing to prune ...

---------------------------- (4) final statistics
no sources selected ...
final source samples: []
final target samples: [(55, 1)]



####### analysing target with index 56 from list [0, 1, 2, 3, 4, 5, 6, 7, 8, 9, 10, 11, 12, 13, 14, 15, 16, 17, 18, 19, 20, 21, 22, 23, 24, 25, 26, 27, 28, 29, 30, 31, 32, 33, 34, 35, 36, 37, 38, 39, 40, 41, 42, 43, 44, 45, 46, 47, 48, 49, 50, 51, 52, 53, 54, 55, 56, 57, 58, 59, 60, 61, 62, 63]

Target: 56 - testing sources [0, 1, 2, 3, 4, 5, 6, 7, 8, 9, 10, 11, 12, 13, 14, 15, 16, 17, 18, 19, 20, 21, 22, 23, 24, 25, 26, 27, 28, 29, 30, 31, 32, 33, 34, 35, 36, 37, 38, 39, 40, 41, 42, 43, 44, 45, 46, 47, 48, 49, 50, 51, 52, 53, 54, 55, 57, 58, 59, 60, 61, 62, 63]

---------------------------- (1) include target candidates
candidate set: [(56, 1), (56, 2)]
testing candidate: (56, 1) maximum statistic, n_perm: 50
 -- not significant

No informative sources in the target's past - adding target sample with lag 1.

---------------------------- (2) include source candidates
candidate set: [(0, 1), (0, 2), (1, 1), (1, 2), (2, 1), (2, 2), (3, 1), (3, 2), (4, 1), (4, 2), (5, 1), (5, 2), (6, 1), (6, 2), (7, 1), (7, 2), (8, 1), (8, 2), (9, 1), (9, 2), (10, 1), (10, 2), (11, 1), (11, 2), (12, 1), (12, 2), (13, 1), (13, 2), (14, 1), (14, 2), (15, 1), (15, 2), (16, 1), (16, 2), (17, 1), (17, 2), (18, 1), (18, 2), (19, 1), (19, 2), (20, 1), (20, 2), (21, 1), (21, 2), (22, 1), (22, 2), (23, 1), (23, 2), (24, 1), (24, 2), (25, 1), (25, 2), (26, 1), (26, 2), (27, 1), (27, 2), (28, 1), (28, 2), (29, 1), (29, 2), (30, 1), (30, 2), (31, 1), (31, 2), (32, 1), (32, 2), (33, 1), (33, 2), (34, 1), (34, 2), (35, 1), (35, 2), (36, 1), (36, 2), (37, 1), (37, 2), (38, 1), (38, 2), (39, 1), (39, 2), (40, 1), (40, 2), (41, 1), (41, 2), (42, 1), (42, 2), (43, 1), (43, 2), (44, 1), (44, 2), (45, 1), (45, 2), (46, 1), (46, 2), (47, 1), (47, 2), (48, 1), (48, 2), (49, 1), (49, 2), (50, 1), (50, 2), (51, 1), (51, 2), (52, 1), (52, 2), (53, 1), (53, 2), (54, 1), (54, 2), (55, 1), (55, 2), (57, 1), (57, 2), (58, 1), (58, 2), (59, 1), (59, 2), (60, 1), (60, 2), (61, 1), (61, 2), (62, 1), (62, 2), (63, 1), (63, 2)]
testing candidate: (0, 1) maximum statistic, n_perm: 50
 -- not significant

---------------------------- (3) prune source candidate
no sources selected, nothing to prune ...

---------------------------- (4) final statistics
no sources selected ...
final source samples: []
final target samples: [(56, 1)]



####### analysing target with index 57 from list [0, 1, 2, 3, 4, 5, 6, 7, 8, 9, 10, 11, 12, 13, 14, 15, 16, 17, 18, 19, 20, 21, 22, 23, 24, 25, 26, 27, 28, 29, 30, 31, 32, 33, 34, 35, 36, 37, 38, 39, 40, 41, 42, 43, 44, 45, 46, 47, 48, 49, 50, 51, 52, 53, 54, 55, 56, 57, 58, 59, 60, 61, 62, 63]

Target: 57 - testing sources [0, 1, 2, 3, 4, 5, 6, 7, 8, 9, 10, 11, 12, 13, 14, 15, 16, 17, 18, 19, 20, 21, 22, 23, 24, 25, 26, 27, 28, 29, 30, 31, 32, 33, 34, 35, 36, 37, 38, 39, 40, 41, 42, 43, 44, 45, 46, 47, 48, 49, 50, 51, 52, 53, 54, 55, 56, 58, 59, 60, 61, 62, 63]

---------------------------- (1) include target candidates
candidate set: [(57, 1), (57, 2)]
testing candidate: (57, 1) maximum statistic, n_perm: 50
 -- not significant

No informative sources in the target's past - adding target sample with lag 1.

---------------------------- (2) include source candidates
candidate set: [(0, 1), (0, 2), (1, 1), (1, 2), (2, 1), (2, 2), (3, 1), (3, 2), (4, 1), (4, 2), (5, 1), (5, 2), (6, 1), (6, 2), (7, 1), (7, 2), (8, 1), (8, 2), (9, 1), (9, 2), (10, 1), (10, 2), (11, 1), (11, 2), (12, 1), (12, 2), (13, 1), (13, 2), (14, 1), (14, 2), (15, 1), (15, 2), (16, 1), (16, 2), (17, 1), (17, 2), (18, 1), (18, 2), (19, 1), (19, 2), (20, 1), (20, 2), (21, 1), (21, 2), (22, 1), (22, 2), (23, 1), (23, 2), (24, 1), (24, 2), (25, 1), (25, 2), (26, 1), (26, 2), (27, 1), (27, 2), (28, 1), (28, 2), (29, 1), (29, 2), (30, 1), (30, 2), (31, 1), (31, 2), (32, 1), (32, 2), (33, 1), (33, 2), (34, 1), (34, 2), (35, 1), (35, 2), (36, 1), (36, 2), (37, 1), (37, 2), (38, 1), (38, 2), (39, 1), (39, 2), (40, 1), (40, 2), (41, 1), (41, 2), (42, 1), (42, 2), (43, 1), (43, 2), (44, 1), (44, 2), (45, 1), (45, 2), (46, 1), (46, 2), (47, 1), (47, 2), (48, 1), (48, 2), (49, 1), (49, 2), (50, 1), (50, 2), (51, 1), (51, 2), (52, 1), (52, 2), (53, 1), (53, 2), (54, 1), (54, 2), (55, 1), (55, 2), (56, 1), (56, 2), (58, 1), (58, 2), (59, 1), (59, 2), (60, 1), (60, 2), (61, 1), (61, 2), (62, 1), (62, 2), (63, 1), (63, 2)]
testing candidate: (0, 1) maximum statistic, n_perm: 50
 -- not significant

---------------------------- (3) prune source candidate
no sources selected, nothing to prune ...

---------------------------- (4) final statistics
no sources selected ...
final source samples: []
final target samples: [(57, 1)]



####### analysing target with index 58 from list [0, 1, 2, 3, 4, 5, 6, 7, 8, 9, 10, 11, 12, 13, 14, 15, 16, 17, 18, 19, 20, 21, 22, 23, 24, 25, 26, 27, 28, 29, 30, 31, 32, 33, 34, 35, 36, 37, 38, 39, 40, 41, 42, 43, 44, 45, 46, 47, 48, 49, 50, 51, 52, 53, 54, 55, 56, 57, 58, 59, 60, 61, 62, 63]

Target: 58 - testing sources [0, 1, 2, 3, 4, 5, 6, 7, 8, 9, 10, 11, 12, 13, 14, 15, 16, 17, 18, 19, 20, 21, 22, 23, 24, 25, 26, 27, 28, 29, 30, 31, 32, 33, 34, 35, 36, 37, 38, 39, 40, 41, 42, 43, 44, 45, 46, 47, 48, 49, 50, 51, 52, 53, 54, 55, 56, 57, 59, 60, 61, 62, 63]

---------------------------- (1) include target candidates
candidate set: [(58, 1), (58, 2)]
testing candidate: (58, 1) maximum statistic, n_perm: 50
 -- not significant

No informative sources in the target's past - adding target sample with lag 1.

---------------------------- (2) include source candidates
candidate set: [(0, 1), (0, 2), (1, 1), (1, 2), (2, 1), (2, 2), (3, 1), (3, 2), (4, 1), (4, 2), (5, 1), (5, 2), (6, 1), (6, 2), (7, 1), (7, 2), (8, 1), (8, 2), (9, 1), (9, 2), (10, 1), (10, 2), (11, 1), (11, 2), (12, 1), (12, 2), (13, 1), (13, 2), (14, 1), (14, 2), (15, 1), (15, 2), (16, 1), (16, 2), (17, 1), (17, 2), (18, 1), (18, 2), (19, 1), (19, 2), (20, 1), (20, 2), (21, 1), (21, 2), (22, 1), (22, 2), (23, 1), (23, 2), (24, 1), (24, 2), (25, 1), (25, 2), (26, 1), (26, 2), (27, 1), (27, 2), (28, 1), (28, 2), (29, 1), (29, 2), (30, 1), (30, 2), (31, 1), (31, 2), (32, 1), (32, 2), (33, 1), (33, 2), (34, 1), (34, 2), (35, 1), (35, 2), (36, 1), (36, 2), (37, 1), (37, 2), (38, 1), (38, 2), (39, 1), (39, 2), (40, 1), (40, 2), (41, 1), (41, 2), (42, 1), (42, 2), (43, 1), (43, 2), (44, 1), (44, 2), (45, 1), (45, 2), (46, 1), (46, 2), (47, 1), (47, 2), (48, 1), (48, 2), (49, 1), (49, 2), (50, 1), (50, 2), (51, 1), (51, 2), (52, 1), (52, 2), (53, 1), (53, 2), (54, 1), (54, 2), (55, 1), (55, 2), (56, 1), (56, 2), (57, 1), (57, 2), (59, 1), (59, 2), (60, 1), (60, 2), (61, 1), (61, 2), (62, 1), (62, 2), (63, 1), (63, 2)]
testing candidate: (0, 1) maximum statistic, n_perm: 50
 -- not significant

---------------------------- (3) prune source candidate
no sources selected, nothing to prune ...

---------------------------- (4) final statistics
no sources selected ...
final source samples: []
final target samples: [(58, 1)]



####### analysing target with index 59 from list [0, 1, 2, 3, 4, 5, 6, 7, 8, 9, 10, 11, 12, 13, 14, 15, 16, 17, 18, 19, 20, 21, 22, 23, 24, 25, 26, 27, 28, 29, 30, 31, 32, 33, 34, 35, 36, 37, 38, 39, 40, 41, 42, 43, 44, 45, 46, 47, 48, 49, 50, 51, 52, 53, 54, 55, 56, 57, 58, 59, 60, 61, 62, 63]

Target: 59 - testing sources [0, 1, 2, 3, 4, 5, 6, 7, 8, 9, 10, 11, 12, 13, 14, 15, 16, 17, 18, 19, 20, 21, 22, 23, 24, 25, 26, 27, 28, 29, 30, 31, 32, 33, 34, 35, 36, 37, 38, 39, 40, 41, 42, 43, 44, 45, 46, 47, 48, 49, 50, 51, 52, 53, 54, 55, 56, 57, 58, 60, 61, 62, 63]

---------------------------- (1) include target candidates
candidate set: [(59, 1), (59, 2)]
testing candidate: (59, 1) maximum statistic, n_perm: 50
 -- not significant

No informative sources in the target's past - adding target sample with lag 1.

---------------------------- (2) include source candidates
candidate set: [(0, 1), (0, 2), (1, 1), (1, 2), (2, 1), (2, 2), (3, 1), (3, 2), (4, 1), (4, 2), (5, 1), (5, 2), (6, 1), (6, 2), (7, 1), (7, 2), (8, 1), (8, 2), (9, 1), (9, 2), (10, 1), (10, 2), (11, 1), (11, 2), (12, 1), (12, 2), (13, 1), (13, 2), (14, 1), (14, 2), (15, 1), (15, 2), (16, 1), (16, 2), (17, 1), (17, 2), (18, 1), (18, 2), (19, 1), (19, 2), (20, 1), (20, 2), (21, 1), (21, 2), (22, 1), (22, 2), (23, 1), (23, 2), (24, 1), (24, 2), (25, 1), (25, 2), (26, 1), (26, 2), (27, 1), (27, 2), (28, 1), (28, 2), (29, 1), (29, 2), (30, 1), (30, 2), (31, 1), (31, 2), (32, 1), (32, 2), (33, 1), (33, 2), (34, 1), (34, 2), (35, 1), (35, 2), (36, 1), (36, 2), (37, 1), (37, 2), (38, 1), (38, 2), (39, 1), (39, 2), (40, 1), (40, 2), (41, 1), (41, 2), (42, 1), (42, 2), (43, 1), (43, 2), (44, 1), (44, 2), (45, 1), (45, 2), (46, 1), (46, 2), (47, 1), (47, 2), (48, 1), (48, 2), (49, 1), (49, 2), (50, 1), (50, 2), (51, 1), (51, 2), (52, 1), (52, 2), (53, 1), (53, 2), (54, 1), (54, 2), (55, 1), (55, 2), (56, 1), (56, 2), (57, 1), (57, 2), (58, 1), (58, 2), (60, 1), (60, 2), (61, 1), (61, 2), (62, 1), (62, 2), (63, 1), (63, 2)]
testing candidate: (0, 1) maximum statistic, n_perm: 50
 -- not significant

---------------------------- (3) prune source candidate
no sources selected, nothing to prune ...

---------------------------- (4) final statistics
no sources selected ...
final source samples: []
final target samples: [(59, 1)]



####### analysing target with index 60 from list [0, 1, 2, 3, 4, 5, 6, 7, 8, 9, 10, 11, 12, 13, 14, 15, 16, 17, 18, 19, 20, 21, 22, 23, 24, 25, 26, 27, 28, 29, 30, 31, 32, 33, 34, 35, 36, 37, 38, 39, 40, 41, 42, 43, 44, 45, 46, 47, 48, 49, 50, 51, 52, 53, 54, 55, 56, 57, 58, 59, 60, 61, 62, 63]

Target: 60 - testing sources [0, 1, 2, 3, 4, 5, 6, 7, 8, 9, 10, 11, 12, 13, 14, 15, 16, 17, 18, 19, 20, 21, 22, 23, 24, 25, 26, 27, 28, 29, 30, 31, 32, 33, 34, 35, 36, 37, 38, 39, 40, 41, 42, 43, 44, 45, 46, 47, 48, 49, 50, 51, 52, 53, 54, 55, 56, 57, 58, 59, 61, 62, 63]

---------------------------- (1) include target candidates
candidate set: [(60, 1), (60, 2)]
testing candidate: (60, 1) maximum statistic, n_perm: 50
 -- not significant

No informative sources in the target's past - adding target sample with lag 1.

---------------------------- (2) include source candidates
candidate set: [(0, 1), (0, 2), (1, 1), (1, 2), (2, 1), (2, 2), (3, 1), (3, 2), (4, 1), (4, 2), (5, 1), (5, 2), (6, 1), (6, 2), (7, 1), (7, 2), (8, 1), (8, 2), (9, 1), (9, 2), (10, 1), (10, 2), (11, 1), (11, 2), (12, 1), (12, 2), (13, 1), (13, 2), (14, 1), (14, 2), (15, 1), (15, 2), (16, 1), (16, 2), (17, 1), (17, 2), (18, 1), (18, 2), (19, 1), (19, 2), (20, 1), (20, 2), (21, 1), (21, 2), (22, 1), (22, 2), (23, 1), (23, 2), (24, 1), (24, 2), (25, 1), (25, 2), (26, 1), (26, 2), (27, 1), (27, 2), (28, 1), (28, 2), (29, 1), (29, 2), (30, 1), (30, 2), (31, 1), (31, 2), (32, 1), (32, 2), (33, 1), (33, 2), (34, 1), (34, 2), (35, 1), (35, 2), (36, 1), (36, 2), (37, 1), (37, 2), (38, 1), (38, 2), (39, 1), (39, 2), (40, 1), (40, 2), (41, 1), (41, 2), (42, 1), (42, 2), (43, 1), (43, 2), (44, 1), (44, 2), (45, 1), (45, 2), (46, 1), (46, 2), (47, 1), (47, 2), (48, 1), (48, 2), (49, 1), (49, 2), (50, 1), (50, 2), (51, 1), (51, 2), (52, 1), (52, 2), (53, 1), (53, 2), (54, 1), (54, 2), (55, 1), (55, 2), (56, 1), (56, 2), (57, 1), (57, 2), (58, 1), (58, 2), (59, 1), (59, 2), (61, 1), (61, 2), (62, 1), (62, 2), (63, 1), (63, 2)]
testing candidate: (0, 1) maximum statistic, n_perm: 50
 -- not significant

---------------------------- (3) prune source candidate
no sources selected, nothing to prune ...

---------------------------- (4) final statistics
no sources selected ...
final source samples: []
final target samples: [(60, 1)]



####### analysing target with index 61 from list [0, 1, 2, 3, 4, 5, 6, 7, 8, 9, 10, 11, 12, 13, 14, 15, 16, 17, 18, 19, 20, 21, 22, 23, 24, 25, 26, 27, 28, 29, 30, 31, 32, 33, 34, 35, 36, 37, 38, 39, 40, 41, 42, 43, 44, 45, 46, 47, 48, 49, 50, 51, 52, 53, 54, 55, 56, 57, 58, 59, 60, 61, 62, 63]

Target: 61 - testing sources [0, 1, 2, 3, 4, 5, 6, 7, 8, 9, 10, 11, 12, 13, 14, 15, 16, 17, 18, 19, 20, 21, 22, 23, 24, 25, 26, 27, 28, 29, 30, 31, 32, 33, 34, 35, 36, 37, 38, 39, 40, 41, 42, 43, 44, 45, 46, 47, 48, 49, 50, 51, 52, 53, 54, 55, 56, 57, 58, 59, 60, 62, 63]

---------------------------- (1) include target candidates
candidate set: [(61, 1), (61, 2)]
testing candidate: (61, 1) maximum statistic, n_perm: 50
 -- not significant

No informative sources in the target's past - adding target sample with lag 1.

---------------------------- (2) include source candidates
candidate set: [(0, 1), (0, 2), (1, 1), (1, 2), (2, 1), (2, 2), (3, 1), (3, 2), (4, 1), (4, 2), (5, 1), (5, 2), (6, 1), (6, 2), (7, 1), (7, 2), (8, 1), (8, 2), (9, 1), (9, 2), (10, 1), (10, 2), (11, 1), (11, 2), (12, 1), (12, 2), (13, 1), (13, 2), (14, 1), (14, 2), (15, 1), (15, 2), (16, 1), (16, 2), (17, 1), (17, 2), (18, 1), (18, 2), (19, 1), (19, 2), (20, 1), (20, 2), (21, 1), (21, 2), (22, 1), (22, 2), (23, 1), (23, 2), (24, 1), (24, 2), (25, 1), (25, 2), (26, 1), (26, 2), (27, 1), (27, 2), (28, 1), (28, 2), (29, 1), (29, 2), (30, 1), (30, 2), (31, 1), (31, 2), (32, 1), (32, 2), (33, 1), (33, 2), (34, 1), (34, 2), (35, 1), (35, 2), (36, 1), (36, 2), (37, 1), (37, 2), (38, 1), (38, 2), (39, 1), (39, 2), (40, 1), (40, 2), (41, 1), (41, 2), (42, 1), (42, 2), (43, 1), (43, 2), (44, 1), (44, 2), (45, 1), (45, 2), (46, 1), (46, 2), (47, 1), (47, 2), (48, 1), (48, 2), (49, 1), (49, 2), (50, 1), (50, 2), (51, 1), (51, 2), (52, 1), (52, 2), (53, 1), (53, 2), (54, 1), (54, 2), (55, 1), (55, 2), (56, 1), (56, 2), (57, 1), (57, 2), (58, 1), (58, 2), (59, 1), (59, 2), (60, 1), (60, 2), (62, 1), (62, 2), (63, 1), (63, 2)]
testing candidate: (0, 1) maximum statistic, n_perm: 50
 -- not significant

---------------------------- (3) prune source candidate
no sources selected, nothing to prune ...

---------------------------- (4) final statistics
no sources selected ...
final source samples: []
final target samples: [(61, 1)]



####### analysing target with index 62 from list [0, 1, 2, 3, 4, 5, 6, 7, 8, 9, 10, 11, 12, 13, 14, 15, 16, 17, 18, 19, 20, 21, 22, 23, 24, 25, 26, 27, 28, 29, 30, 31, 32, 33, 34, 35, 36, 37, 38, 39, 40, 41, 42, 43, 44, 45, 46, 47, 48, 49, 50, 51, 52, 53, 54, 55, 56, 57, 58, 59, 60, 61, 62, 63]

Target: 62 - testing sources [0, 1, 2, 3, 4, 5, 6, 7, 8, 9, 10, 11, 12, 13, 14, 15, 16, 17, 18, 19, 20, 21, 22, 23, 24, 25, 26, 27, 28, 29, 30, 31, 32, 33, 34, 35, 36, 37, 38, 39, 40, 41, 42, 43, 44, 45, 46, 47, 48, 49, 50, 51, 52, 53, 54, 55, 56, 57, 58, 59, 60, 61, 63]

---------------------------- (1) include target candidates
candidate set: [(62, 1), (62, 2)]
testing candidate: (62, 1) maximum statistic, n_perm: 50
 -- not significant

No informative sources in the target's past - adding target sample with lag 1.

---------------------------- (2) include source candidates
candidate set: [(0, 1), (0, 2), (1, 1), (1, 2), (2, 1), (2, 2), (3, 1), (3, 2), (4, 1), (4, 2), (5, 1), (5, 2), (6, 1), (6, 2), (7, 1), (7, 2), (8, 1), (8, 2), (9, 1), (9, 2), (10, 1), (10, 2), (11, 1), (11, 2), (12, 1), (12, 2), (13, 1), (13, 2), (14, 1), (14, 2), (15, 1), (15, 2), (16, 1), (16, 2), (17, 1), (17, 2), (18, 1), (18, 2), (19, 1), (19, 2), (20, 1), (20, 2), (21, 1), (21, 2), (22, 1), (22, 2), (23, 1), (23, 2), (24, 1), (24, 2), (25, 1), (25, 2), (26, 1), (26, 2), (27, 1), (27, 2), (28, 1), (28, 2), (29, 1), (29, 2), (30, 1), (30, 2), (31, 1), (31, 2), (32, 1), (32, 2), (33, 1), (33, 2), (34, 1), (34, 2), (35, 1), (35, 2), (36, 1), (36, 2), (37, 1), (37, 2), (38, 1), (38, 2), (39, 1), (39, 2), (40, 1), (40, 2), (41, 1), (41, 2), (42, 1), (42, 2), (43, 1), (43, 2), (44, 1), (44, 2), (45, 1), (45, 2), (46, 1), (46, 2), (47, 1), (47, 2), (48, 1), (48, 2), (49, 1), (49, 2), (50, 1), (50, 2), (51, 1), (51, 2), (52, 1), (52, 2), (53, 1), (53, 2), (54, 1), (54, 2), (55, 1), (55, 2), (56, 1), (56, 2), (57, 1), (57, 2), (58, 1), (58, 2), (59, 1), (59, 2), (60, 1), (60, 2), (61, 1), (61, 2), (63, 1), (63, 2)]
testing candidate: (0, 1) maximum statistic, n_perm: 50
 -- not significant

---------------------------- (3) prune source candidate
no sources selected, nothing to prune ...

---------------------------- (4) final statistics
no sources selected ...
final source samples: []
final target samples: [(62, 1)]



####### analysing target with index 63 from list [0, 1, 2, 3, 4, 5, 6, 7, 8, 9, 10, 11, 12, 13, 14, 15, 16, 17, 18, 19, 20, 21, 22, 23, 24, 25, 26, 27, 28, 29, 30, 31, 32, 33, 34, 35, 36, 37, 38, 39, 40, 41, 42, 43, 44, 45, 46, 47, 48, 49, 50, 51, 52, 53, 54, 55, 56, 57, 58, 59, 60, 61, 62, 63]

Target: 63 - testing sources [0, 1, 2, 3, 4, 5, 6, 7, 8, 9, 10, 11, 12, 13, 14, 15, 16, 17, 18, 19, 20, 21, 22, 23, 24, 25, 26, 27, 28, 29, 30, 31, 32, 33, 34, 35, 36, 37, 38, 39, 40, 41, 42, 43, 44, 45, 46, 47, 48, 49, 50, 51, 52, 53, 54, 55, 56, 57, 58, 59, 60, 61, 62]

---------------------------- (1) include target candidates
candidate set: [(63, 1), (63, 2)]
testing candidate: (63, 1) maximum statistic, n_perm: 50
 -- not significant

No informative sources in the target's past - adding target sample with lag 1.

---------------------------- (2) include source candidates
candidate set: [(0, 1), (0, 2), (1, 1), (1, 2), (2, 1), (2, 2), (3, 1), (3, 2), (4, 1), (4, 2), (5, 1), (5, 2), (6, 1), (6, 2), (7, 1), (7, 2), (8, 1), (8, 2), (9, 1), (9, 2), (10, 1), (10, 2), (11, 1), (11, 2), (12, 1), (12, 2), (13, 1), (13, 2), (14, 1), (14, 2), (15, 1), (15, 2), (16, 1), (16, 2), (17, 1), (17, 2), (18, 1), (18, 2), (19, 1), (19, 2), (20, 1), (20, 2), (21, 1), (21, 2), (22, 1), (22, 2), (23, 1), (23, 2), (24, 1), (24, 2), (25, 1), (25, 2), (26, 1), (26, 2), (27, 1), (27, 2), (28, 1), (28, 2), (29, 1), (29, 2), (30, 1), (30, 2), (31, 1), (31, 2), (32, 1), (32, 2), (33, 1), (33, 2), (34, 1), (34, 2), (35, 1), (35, 2), (36, 1), (36, 2), (37, 1), (37, 2), (38, 1), (38, 2), (39, 1), (39, 2), (40, 1), (40, 2), (41, 1), (41, 2), (42, 1), (42, 2), (43, 1), (43, 2), (44, 1), (44, 2), (45, 1), (45, 2), (46, 1), (46, 2), (47, 1), (47, 2), (48, 1), (48, 2), (49, 1), (49, 2), (50, 1), (50, 2), (51, 1), (51, 2), (52, 1), (52, 2), (53, 1), (53, 2), (54, 1), (54, 2), (55, 1), (55, 2), (56, 1), (56, 2), (57, 1), (57, 2), (58, 1), (58, 2), (59, 1), (59, 2), (60, 1), (60, 2), (61, 1), (61, 2), (62, 1), (62, 2)]
testing candidate: (0, 1) maximum statistic, n_perm: 50
 -- not significant

---------------------------- (3) prune source candidate
no sources selected, nothing to prune ...

---------------------------- (4) final statistics
no sources selected ...
final source samples: []
final target samples: [(63, 1)]


No links in final results ...
No significant links found in the network.